

%Given 
R = 0.5;
L = 0.2;
J1 = 0.01;
J2 = 0.03;
B = 0.2;
Km = 0.01;
Kg = Km;
N  = 2;


